10,171
10,207
10,211
10,214
10,12
10,282
10,121
10,182
11,20
11,28
11,17
11,22
11,13
11,15
11,25
8,12
8,13
8,8
8,17
8,7
48,3
48,1
46,3
46,2
46,1
46,0
44,3
44,2
44,1
44,0
41,3
41,2
41,1
41,0
40,3
40,2
40,1
40,0
34,3
34,2
34,1
34,0
33,3
33,2
33,1
33,0
20,3
20,2
20,1
19,3
19,2
19,1
12,3
12,2
12,1
11,30
11,29
11,26
11,16
11,11
11,10
11,8
11,5
11,3
11,2
11,1
10,295
10,245
10,187
10,142
10,136
10,93
10,81
10,29
10,3
10,2
18,1
10,1
9,7
18,3
9,5
9,3
9,2
14,1
9,1
14,3
8,18
8,11
8,6
13,1
8,4
8,3
13,3
8,2
8,1
3,3
3,2
3,1
